0 0.45454545454545453 0.5573770491803278 0.2545454545454545 0.31693989071038253
0 0.07325454545454545 0.6927595628415301 0.1465090909090909 0.21612021857923497
0 0.24545454545454545 0.7240437158469946 0.2581818181818182 0.3442622950819672
0 0.8763636363636363 0.7377049180327869 0.23272727272727273 0.26229508196721313
0 0.6763636363636364 0.7568306010928961 0.20363636363636364 0.2459016393442623
0 0.4763636363636364 0.8032786885245902 0.21818181818181817 0.22950819672131148
0 0.07818181818181819 0.8879781420765027 0.15636363636363637 0.22404371584699453
0 0.9254545454545454 0.9371584699453552 0.14909090909090908 0.12568306010928962
0 0.8027636363636363 0.9363661202185792 0.11461818181818181 0.1240983606557377
0 0.28545454545454546 0.9480874316939891 0.2727272727272727 0.10382513661202186
0 0.6519454545454545 0.9526502732240437 0.31479999999999997 0.0910928961748634
0 0.4531272727272727 0.4299453551912569 0.2589818181818182 0.24786885245901638
0 0.23521818181818183 0.43377049180327865 0.1577090909090909 0.23366120218579234
0 0.7381818181818182 0.4371584699453552 0.27636363636363637 0.40437158469945356
0 0.09992727272727273 0.43978142076502735 0.19985454545454545 0.3112568306010929
0 0.024963636363636365 0.4665573770491803 0.04992727272727273 0.32109289617486336
0 0.9543272727272727 0.5099180327868852 0.09047272727272727 0.3531693989071038