0 0.28 0.4444444444444444 0.3377777777777778 0.1688888888888889
0 0.6555555555555556 0.5577777777777778 0.39555555555555555 0.17333333333333334
0 0.9177777777777778 0.6355555555555555 0.16444444444444445 0.29333333333333333
0 0.26222222222222225 0.6555555555555556 0.38222222222222224 0.28888888888888886
0 0.6888888888888889 0.7866666666666666 0.35555555555555557 0.2577777777777778
0 0.9488888888888889 0.8133333333333334 0.10222222222222223 0.12444444444444444
0 0.08888888888888889 0.84 0.1688888888888889 0.27555555555555555
0 0.39111111111111113 0.8955555555555555 0.4177777777777778 0.2088888888888889
0 0.8955555555555555 0.09333333333333334 0.2088888888888889 0.12444444444444444
0 0.8644444444444445 0.9466666666666667 0.27111111111111114 0.10666666666666667
0 0.8911111111111111 0.2511111111111111 0.21777777777777776 0.17333333333333334
0 0.3622222222222222 0.27111111111111114 0.30666666666666664 0.2222222222222222
0 0.7555555555555555 0.4088888888888889 0.28444444444444444 0.27555555555555555