0 0.16795366795366795 0.5154639175257731 0.1891891891891892 0.23711340206185566
0 0.7374517374517374 0.5824742268041238 0.138996138996139 0.1958762886597938
0 0.8841698841698842 0.6365979381443299 0.11583011583011583 0.23195876288659795
0 0.974903474903475 0.654639175257732 0.05019305019305019 0.16494845360824742
0 0.3783783783783784 0.6675257731958762 0.23166023166023167 0.25257731958762886
0 0.07335907335907337 0.7835051546391752 0.14671814671814673 0.1958762886597938
0 0.5926640926640927 0.7860824742268041 0.10424710424710425 0.22164948453608246
0 0.8378378378378378 0.7912371134020618 0.16216216216216217 0.19072164948453607
0 0.21428571428571427 0.8273195876288659 0.0888030888030888 0.05670103092783505
0 0.9401544401544402 0.904639175257732 0.0888030888030888 0.19072164948453607
0 0.20463320463320464 0.9381443298969072 0.16988416988416988 0.12371134020618557
0 0.4111969111969112 0.9561855670103093 0.15057915057915058 0.08762886597938144
0 0.0444015444015444 0.961340206185567 0.08108108108108109 0.07731958762886598
0 0.5907335907335908 0.9664948453608248 0.13127413127413126 0.06701030927835051
0 0.7760617760617761 0.9690721649484536 0.138996138996139 0.061855670103092786
0 0.22972972972972974 0.1211340206185567 0.05019305019305019 0.12886597938144329
0 0.6698841698841699 0.13659793814432988 0.23552123552123552 0.23195876288659795
0 0.4942084942084942 0.16237113402061856 0.05405405405405406 0.11855670103092783
0 0.8841698841698842 0.17525773195876287 0.10810810810810811 0.25773195876288657
0 0.11776061776061776 0.020618556701030927 0.22007722007722008 0.041237113402061855
0 0.10424710424710425 0.22938144329896906 0.19305019305019305 0.29381443298969073
0 0.361003861003861 0.27835051546391754 0.20463320463320464 0.29896907216494845
0 0.4111969111969112 0.03350515463917526 0.1891891891891892 0.04639175257731959
0 0.5077220077220077 0.43556701030927836 0.15057915057915058 0.27319587628865977
0 0.8455598455598455 0.43556701030927836 0.14671814671814673 0.15979381443298968
0 0.9633204633204633 0.4639175257731959 0.07335907335907337 0.21649484536082475