0 0.2727272727272727 0.6284153005464481 0.20363636363636364 0.31693989071038253
0 0.49636363636363634 0.6502732240437158 0.21454545454545454 0.29508196721311475
0 0.07636363636363637 0.6530054644808743 0.14545454545454545 0.3005464480874317
0 0.8945454545454545 0.6830601092896175 0.18181818181818182 0.28415300546448086
1 0.7127272727272728 0.6939890710382514 0.2109090909090909 0.36065573770491804
0 0.07636363636363637 0.09016393442622951 0.15272727272727274 0.18032786885245902
0 0.3690909090909091 0.9016393442622951 0.2290909090909091 0.18579234972677597
0 0.12545454545454546 0.907103825136612 0.23636363636363636 0.17486338797814208
0 0.9745454545454545 0.9098360655737705 0.05090909090909091 0.18032786885245902
0 0.610909090909091 0.9098360655737705 0.23272727272727273 0.16939890710382513
0 0.8454545454545455 0.9234972677595629 0.20727272727272728 0.14207650273224043
0 0.730909090909091 0.09562841530054644 0.22545454545454546 0.16939890710382513
0 0.26796363636363635 0.10005464480874317 0.20865454545454545 0.20010928961748634
0 0.49818181818181817 0.10109289617486339 0.2109090909090909 0.1912568306010929
0 0.92 0.11475409836065574 0.13818181818181818 0.22950819672131148
0 0.18363636363636363 0.31420765027322406 0.21454545454545454 0.3551912568306011
0 0.6054545454545455 0.3360655737704918 0.22181818181818183 0.2677595628415301
0 0.8254545454545454 0.3360655737704918 0.22545454545454546 0.3442622950819672
1 0.3981818181818182 0.35792349726775957 0.2290909090909091 0.3551912568306011
0 0.032127272727272733 0.35956284153005463 0.06425454545454547 0.292896174863388
0 0.718 0.5022950819672132 0.16327272727272726 0.14120218579234972