0 0.8265993265993266 0.07058823529411765 0.1717171717171717 0.1411764705882353
0 0.1936026936026936 0.07058823529411765 0.24579124579124578 0.12941176470588237
0 0.11952861952861953 0.7235294117647059 0.21885521885521886 0.23529411764705882
0 0.8787878787878788 0.7352941176470589 0.22895622895622897 0.2
0 0.6296296296296297 0.75 0.20202020202020202 0.1588235294117647
0 0.40235690235690236 0.08529411764705883 0.16498316498316498 0.1588235294117647
0 0.6262626262626263 0.08823529411764706 0.18855218855218855 0.15294117647058825
0 0.04208754208754209 0.9029411764705882 0.08417508417508418 0.19411764705882353
0 0.7676767676767676 0.9176470588235294 0.24915824915824916 0.16470588235294117
0 0.22895622895622897 0.9205882352941176 0.24915824915824916 0.1588235294117647
0 0.5050505050505051 0.9264705882352942 0.20202020202020202 0.14705882352941177
0 0.9646464646464646 0.9352941176470588 0.0707070707070707 0.12941176470588237
0 0.08417508417508418 0.18529411764705883 0.16835016835016836 0.18235294117647058
0 0.48484848484848486 0.20588235294117646 0.15488215488215487 0.21176470588235294
0 0.29292929292929293 0.20588235294117646 0.18181818181818182 0.21176470588235294
0 0.9326599326599326 0.2323529411764706 0.13468013468013468 0.14705882352941177
0 0.7356902356902357 0.25 0.2053872053872054 0.14705882352941177
0 0.6127946127946128 0.36176470588235293 0.16835016835016836 0.13529411764705881
0 0.1447811447811448 0.36764705882352944 0.20875420875420875 0.13529411764705881
0 0.3939393939393939 0.3911764705882353 0.16835016835016836 0.1588235294117647
0 0.8720538720538721 0.39705882352941174 0.20202020202020202 0.12352941176470589
0 0.06565656565656566 0.5 0.11784511784511785 0.15294117647058825
0 0.7558922558922558 0.5264705882352941 0.24579124579124578 0.14705882352941177
0 0.2727272727272727 0.5647058823529412 0.2222222222222222 0.2
0 0.9511784511784511 0.5676470588235294 0.09764309764309764 0.1588235294117647
0 0.5151515151515151 0.5735294117647058 0.2356902356902357 0.17058823529411765